F 20 1 70 58 1
F 20 2 120 60 1
F 20 3 179 63 1
F 20 4 229 65 1
F 20 5 288 62 1
F 20 6 338 64 1
F 20 7 396 66 1
F 20 8 446 68 1
F 20 9 503 64 1
F 20 10 553 66 1
F 20 11 67 145 0
F 20 12 117 147 0
F 20 13 176 147 1
F 20 14 226 149 1
F 20 15 287 146 1
F 20 16 337 148 1
F 20 17 395 145 1
F 20 18 445 147 1
F 20 19 507 149 1
F 20 20 557 151 1
F 20 21 60 314 1
F 20 22 110 316 1
F 20 23 174 316 1
F 20 24 224 318 1
F 20 25 283 317 1
F 20 26 333 319 1
F 20 27 394 319 1
F 20 28 444 321 1
F 20 29 503 317 1
F 20 30 553 319 1
F 20 31 59 395 1
F 20 32 109 397 1
F 20 33 172 396 1
F 20 34 222 398 1
F 20 35 283 398 1
F 20 36 333 400 1
F 20 37 394 399 1
F 20 38 444 401 1
F 20 39 505 401 1
F 20 40 555 403 0
